552
822
824
828
830
834
835
836
837
839
841
848
856
859
861
869
873
906
1048
1052
1053
1054
1059
1060
1061
1066
1067
1068
1083
1261
1265
1266
1267
1272
1273
1274
1279
1280
1281
1413
1415
1419
1430
1434
1501
1505
1608
1622
1635
1645
1648
1690
1694
1720
1723
1746
1750
1767
1777
1827
2129
2132
2193
2252
2260
2317
2361
2389
2391
2447
2448
2453
2473
2497
2506
2564
2705
2714
2721
2736
2738
2747
2749
2756
2758
2768
2770
2802
2811
2936
3058
3140
3179
3182
3269
3281
3362
3757
3875
3910
3912
3916
3921
3926
3928
3929
3930
3939
3948
3953
3955
3956
3957
3967
3970
3977
3985
3994
4000
4006
4009
4010
4015
4018
4028
4092
4213
4244
4279
4399
4466
4593
4614
4655
5064
5189
5293
5341
5535
5711
5715
5739
5836
6201
6232
6416
6508
6676
6722
6727
6735
6927
7378
7426
7455
7461
7474
7502
7532
7533
7535
7571
7592
7601
7766
7864
8224
8638
8641
8642
8649
8654
8657
8669
9101
9102
9103
9115
9159
9666
9667
9737
9745
9768
9776
9783
9851
10064
10308
10318
10375
10385
10615
10617
10629
10641
10651
10696
